  1.210292   1.126301  -0.687564   1.508733   0.552627
  1.243939   0.940991   0.584172   1.126206   0.225074
  0.692669   1.194958  -0.241636   1.269508   0.364382
  1.231214   0.441090  -1.381046   1.633822   0.349965
 -0.517275  -1.193142   0.638815   0.648844   0.071464
 -0.151468   0.464608   0.032005   0.964666   0.417222
 -0.728072  -1.000876   0.184908   0.725262   0.010766
  1.861552   0.957711  -0.413909   1.428380   0.398027
 -1.421667  -0.719314  -0.926545   0.839946   0.118167
 -0.537941   1.814864   0.552310   0.863981   0.354929
  0.427748  -0.770775  -1.637155   1.686778  -0.017715
 -0.046742  -1.340124  -0.417175   1.111153  -0.174738
  0.252798   1.152304  -0.562123   1.059251   0.494727
 -0.022094  -0.920031   0.567293   0.941244   0.148068
 -1.027617   0.955070   0.071747   0.946089   0.336136
  1.539241  -1.487068  -0.188912   1.372537  -0.007870
  0.963025   0.290687  -2.216936   2.070833   0.459363
 -0.675493   2.504843  -1.048545   1.032285   0.940521
  0.197255   1.354957   0.255667   1.025984   0.444507
  0.214793   0.716477  -0.920315   1.396024   0.605860
 -0.471169   0.987062   1.562016   0.412251   0.376357
  0.283667  -0.828702  -0.063604   1.132468   0.133257
 -0.652125  -0.414894  -0.898057   1.141825   0.134000
 -0.687448  -1.287135  -0.358072   0.915356  -0.048351
  1.152823   2.030175   1.835049   0.925108   0.421138
  1.295918   0.487625   1.143417   0.813271   0.192189
  0.524690   0.685123  -2.072900   1.750573   0.501367
  0.479651  -2.346287   1.663134   0.893138  -0.208470
  1.020571  -0.474387  -0.224344   1.331523   0.092501
 -0.356906   0.784875  -0.149762   1.025781   0.316008
  0.506126   0.104682   1.396548   0.917440   0.287009
  0.651921   1.949487   0.263568   1.297214   0.634433
 -0.906992   0.866628   0.480390   0.611011   0.371266
 -0.802312  -0.116481  -0.759971   1.101210   0.143186
 -1.434195   1.034074   1.694288   0.581360   0.284811
  1.121822   2.047266   0.441066   0.840426   0.397846
  0.864681   0.206809  -1.495350   1.671298   0.135339
 -2.481251   0.218777   1.297694   0.398227   0.256887
  0.056705  -0.382338  -2.522103   2.106572   0.061154
 -1.286200   0.240375  -0.782929   0.783905   0.198239
 -1.120737  -0.266801   0.011771   0.739451   0.345128
 -1.267577   0.593460   0.634289   0.808108   0.368784
 -2.467847  -1.778714   1.221614   0.466544  -0.201956
  1.620077  -0.149278  -0.733633   1.734462   0.285171
  0.432229  -0.044167  -0.314814   1.083466  -0.021208
 -1.136969  -0.678912  -0.387026   0.879696  -0.067288
  2.132155  -0.991398  -0.285781   1.449652  -0.125952
 -0.815699   0.896273  -1.542396   1.156843   0.584962
 -1.363197   0.690965  -2.072625   1.395620   0.702818
  1.775101  -0.181223  -0.306232   1.443911   0.431293
 -1.294504   0.123789   0.633777   0.634591   0.272512
  1.135702  -0.963548   1.274953   0.780592  -0.019562
 -0.984043   0.286439   0.320634   0.901073   0.088323
 -0.447247   0.169749  -2.754722   2.118014   0.531019
  0.526186   1.029495  -0.024762   1.095753   0.306536
  0.027467  -1.752305  -0.134630   0.747383  -0.276572
 -1.638009  -0.622356   0.332218   0.746669  -0.113713
  1.157400  -0.002278  -1.943618   2.191337   0.486435
 -0.079195  -0.654805   1.040665   0.986326  -0.044911
 -1.487146   1.121764  -1.164362   0.907119   0.571093
 -0.911821   0.794829   0.557375   0.725074   0.256075
  0.840955   0.780150  -0.003979   1.198675   0.553198
  2.546002  -0.754149  -0.971546   1.891093   0.152959
 -0.067222  -0.945451  -0.207906   1.158939  -0.127738
 -0.087340   0.879670  -0.326221   1.006892   0.512946
  0.098405  -0.613521  -0.735669   1.096277  -0.022769
 -0.288298  -0.923067   0.375891   0.991676   0.168599
 -0.804476   0.927717  -0.390432   1.027708   0.471013
 -0.558021   1.212428   0.670903   0.744081   0.283593
  0.371888  -1.322699   0.951010   0.698618   0.035777
  0.130869  -0.560704  -1.120182   1.384591   0.091283
  0.770836   0.993137  -0.786649   1.404787   0.571990
  0.321003   0.559551   0.641902   0.919919   0.237378
 -0.593440   0.417959  -0.622138   1.093247   0.265254
 -0.867065   0.404420   1.360913   0.752323   0.165870
 -0.097797   0.181914   1.178299   0.909920   0.258676
 -0.269261   0.052377   1.002917   0.829397   0.107200
 -0.961315   0.494148   2.251505   0.573928   0.117564
 -1.468526  -1.278250  -0.488793   0.892129  -0.036082
  1.506263  -0.585102  -1.860463   1.910365   0.014312
 -0.536028   1.202905   0.390856   0.823190   0.319762
 -0.100305  -2.362026   0.951662   1.025229  -0.143485
 -0.365222  -0.488171   0.638015   0.880448   0.058317
  0.105665   0.506449   1.725126   0.798771   0.076887
  0.720559   1.928597  -0.656542   1.140335   0.542375
  0.664999   0.390266  -0.044703   1.227859   0.205634
  0.504720   3.437055   0.467750   1.023632   0.816566
  1.688412   0.484915   0.113464   1.225979   0.309276
  1.513020   0.768679  -0.558868   1.375850   0.499387
 -1.654910  -0.211614  -0.902046   0.719041   0.378006
 -0.446897  -0.901611  -1.252395   1.085064  -0.023531
  2.045372   1.720133   2.663938   0.920914   0.318921
 -3.214485  -0.209283  -1.889628   0.726984   0.314068
  0.773569   0.507020  -0.160219   1.198894   0.458669
 -0.292327  -1.405628  -0.778223   1.157894  -0.166627
 -0.323603   0.584785   1.245238   1.021918   0.338832
 -1.782725   0.282305  -2.265233   1.131180   0.237408
  0.902129   0.107760   1.039494   0.656896   0.093598
  0.467198  -1.124375   0.439999   1.051574  -0.025096
 -1.186539   0.253002   0.333581   0.891861   0.320744
