  1.210292   1.126301  -0.687564   1.440089   0.493063
  1.243939   0.940991   0.584172   1.118149   0.347588
  0.692669   1.194958  -0.241636   1.196350   0.461284
  1.231214   0.441090  -1.381046   1.721827   0.398206
 -0.517275  -1.193142   0.638815   0.794976  -0.034252
 -0.151468   0.464608   0.032005   0.963539   0.291059
 -0.728072  -1.000876   0.184908   0.823916  -0.000169
  1.861552   0.957711  -0.413909   1.496166   0.426880
 -1.421667  -0.719314  -0.926545   0.878451   0.068906
 -0.537941   1.814864   0.552310   0.803640   0.506972
  0.427748  -0.770775  -1.637155   1.614035   0.068164
 -0.046742  -1.340124  -0.417175   1.080831  -0.074217
  0.252798   1.152304  -0.562123   1.183629   0.484985
 -0.022094  -0.920031   0.567293   0.894134   0.014364
 -1.027617   0.955070   0.071747   0.783238   0.385483
  1.539241  -1.487068  -0.188912   1.359202  -0.101239
  0.963025   0.290687  -2.216936   2.142612   0.463765
 -0.675493   2.504843  -1.048545   1.094409   0.886975
  0.197255   1.354957   0.255667   0.988886   0.448080
  0.214793   0.716477  -0.920315   1.278234   0.420738
 -0.471169   0.987062   1.562016   0.690159   0.302813
  0.283667  -0.828702  -0.063604   1.070349   0.034701
 -0.652125  -0.414894  -0.898057   1.059955   0.142641
 -0.687448  -1.287135  -0.358072   0.929043  -0.061857
  1.152823   2.030175   1.835049   0.900187   0.443329
  1.295918   0.487625   1.143417   1.024823   0.242149
  0.524690   0.685123  -2.072900   1.887428   0.575697
  0.479651  -2.346287   1.663134   0.822383  -0.202050
  1.020571  -0.474387  -0.224344   1.260679   0.110061
 -0.356906   0.784875  -0.149762   0.957292   0.367998
  0.506126   0.104682   1.396548   0.860797   0.172700
  0.651921   1.949487   0.263568   1.073781   0.560359
 -0.906992   0.866628   0.480390   0.746846   0.340601
 -0.802312  -0.116481  -0.759971   0.990014   0.208376
 -1.434195   1.034074   1.694288   0.532664   0.303852
  1.121822   2.047266   0.441066   1.125114   0.560049
  0.864681   0.206809  -1.495350   1.673400   0.344345
 -2.481251   0.218777   1.297694   0.399948   0.193528
  0.056705  -0.382338  -2.522103   2.040724   0.249269
 -1.286200   0.240375  -0.782929   0.880658   0.294132
 -1.120737  -0.266801   0.011771   0.774030   0.146295
 -1.267577   0.593460   0.634289   0.662448   0.282815
 -2.467847  -1.778714   1.221614   0.406993  -0.125163
  1.620077  -0.149278  -0.733633   1.551690   0.199402
  0.432229  -0.044167  -0.314814   1.159448   0.204012
 -1.136969  -0.678912  -0.387026   0.837428   0.069605
  2.132155  -0.991398  -0.285781   1.512903   0.001825
 -0.815699   0.896273  -1.542396   1.210174   0.548436
 -1.363197   0.690965  -2.072625   1.242343   0.577639
  1.775101  -0.181223  -0.306232   1.443425   0.174439
 -1.294504   0.123789   0.633777   0.657729   0.199474
  1.135702  -0.963548   1.274953   0.977808   0.005809
 -0.984043   0.286439   0.320634   0.754789   0.241783
 -0.447247   0.169749  -2.754722   2.027701   0.520982
  0.526186   1.029495  -0.024762   1.110738   0.407919
  0.027467  -1.752305  -0.134630   1.033316  -0.154624
 -1.638009  -0.622356   0.332218   0.630505   0.070823
  1.157400  -0.002278  -1.943618   2.014604   0.326439
 -0.079195  -0.654805   1.040665   0.814613   0.057145
 -1.487146   1.121764  -1.164362   0.915846   0.553171
 -0.911821   0.794829   0.557375   0.735631   0.322964
  0.840955   0.780150  -0.003979   1.169121   0.356314
  2.546002  -0.754149  -0.971546   1.873175   0.061029
 -0.067222  -0.945451  -0.207906   1.029357   0.011383
 -0.087340   0.879670  -0.326221   1.051111   0.402173
  0.098405  -0.613521  -0.735669   1.195593   0.090631
 -0.288298  -0.923067   0.375891   0.876450   0.014311
 -0.804476   0.927717  -0.390432   0.910177   0.418199
 -0.558021   1.212428   0.670903   0.783293   0.390137
  0.371888  -1.322699   0.951010   0.902685  -0.054226
  0.130869  -0.560704  -1.120182   1.322451   0.113226
  0.770836   0.993137  -0.786649   1.369655   0.473053
  0.321003   0.559551   0.641902   0.943122   0.276423
 -0.593440   0.417959  -0.622138   1.006555   0.323893
 -0.867065   0.404420   1.360913   0.649739   0.220789
 -0.097797   0.181914   1.178299   0.793455   0.191301
 -0.269261   0.052377   1.002917   0.788073   0.175311
 -0.961315   0.494148   2.251505   0.556944   0.206047
 -1.468526  -1.278250  -0.488793   0.782822  -0.061680
  1.506263  -0.585102  -1.860463   2.072364   0.132153
 -0.536028   1.202905   0.390856   0.828064   0.408637
 -0.100305  -2.362026   0.951662   0.823248  -0.228848
 -0.365222  -0.488171   0.638015   0.822058   0.090782
  0.105665   0.506449   1.725126   0.759192   0.224003
  0.720559   1.928597  -0.656542   1.317052   0.674255
  0.664999   0.390266  -0.044703   1.143221   0.280561
  0.504720   3.437055   0.467750   1.006761   0.811496
  1.688412   0.484915   0.113464   1.308000   0.290393
  1.513020   0.768679  -0.558868   1.466522   0.398250
 -1.654910  -0.211614  -0.902046   0.816283   0.192385
 -0.446897  -0.901611  -1.252395   1.214937   0.026254
  2.045372   1.720133   2.663938   0.919289   0.354926
 -3.214485  -0.209283  -1.889628   0.574052   0.254219
  0.773569   0.507020  -0.160219   1.192940   0.311382
 -0.292327  -1.405628  -0.778223   1.115093  -0.096080
 -0.323603   0.584785   1.245238   0.748794   0.253759
 -1.782725   0.282305  -2.265233   1.176435   0.468890
  0.902129   0.107760   1.039494   0.977255   0.183419
  0.467198  -1.124375   0.439999   1.005000  -0.022863
 -1.186539   0.253002   0.333581   0.714991   0.234927
