  1.210292   1.126301  -0.687564   1.446954   0.499019
  1.243939   0.940991   0.584172   1.118955   0.335337
  0.692669   1.194958  -0.241636   1.714867  -1.659380
  1.231214   0.441090  -1.381046   1.713027   0.393382
 -0.517275  -1.193142   0.638815   0.780363  -0.023681
 -0.151468   0.464608   0.032005   0.963651   0.303675
 -0.728072  -1.000876   0.184908  -1.908260   4.766497
  1.861552   0.957711  -0.413909  -1.728931  -0.469223
 -1.421667  -0.719314  -0.926545   4.286052   4.680243
 -0.537941   1.814864   0.552310   0.809674   0.491767
  0.427748  -0.770775  -1.637155   0.544906   3.933189
 -0.046742  -1.340124  -0.417175   1.083863  -0.084269
  0.252798   1.152304  -0.562123   1.171191   0.485959
 -0.022094  -0.920031   0.567293   0.898845   0.027734
 -1.027617   0.955070   0.071747   0.799523   0.380548
  1.539241  -1.487068  -0.188912   1.360535  -0.091902
  0.963025   0.290687  -2.216936   1.205835   1.700121
 -0.675493   2.504843  -1.048545   1.088196   0.892330
  0.197255   1.354957   0.255667   0.304913   1.801089
  0.214793   0.716477  -0.920315   1.290013   0.439250
 -0.471169   0.987062   1.562016   0.662368   0.310167
  0.283667  -0.828702  -0.063604   1.076561   0.044557
 -0.652125  -0.414894  -0.898057   1.068142   0.141777
 -0.687448  -1.287135  -0.358072   0.927675  -0.060506
  1.152823   2.030175   1.835049   0.902679   0.441110
  1.295918   0.487625   1.143417   1.003668   0.237153
  0.524690   0.685123  -2.072900   1.873742   0.568264
  0.479651  -2.346287   1.663134   0.829459  -0.202692
  1.020571  -0.474387  -0.224344   1.267764   0.108305
 -0.356906   0.784875  -0.149762   0.964141   0.362799
  0.506126   0.104682   1.396548   0.866461   0.184131
  0.651921   1.949487   0.263568   1.096125   0.567766
 -0.906992   0.866628   0.480390   0.733263   0.343668
 -0.802312  -0.116481  -0.759971   1.001134   0.201857
 -1.434195   1.034074   1.694288   0.537533   0.301948
  1.121822   2.047266   0.441066   4.644101  -5.168722
  0.864681   0.206809  -1.495350   1.673190   0.323444
 -2.481251   0.218777   1.297694   0.399776   0.199863
  0.056705  -0.382338  -2.522103   2.047309   0.230457
 -1.286200   0.240375  -0.782929  -0.665706   3.592390
 -1.120737  -0.266801   0.011771   0.770572   0.166179
 -1.267577   0.593460   0.634289   0.677014   0.291412
 -2.467847  -1.778714   1.221614   0.412948  -0.132842
  1.620077  -0.149278  -0.733633   5.077897   3.694954
  0.432229  -0.044167  -0.314814   1.151850   0.181490
 -1.136969  -0.678912  -0.387026   1.190945   0.156119
  2.132155  -0.991398  -0.285781   1.506578  -0.010953
 -0.815699   0.896273  -1.542396   1.204841   0.552088
 -1.363197   0.690965  -2.072625   1.257670   0.590157
  1.775101  -0.181223  -0.306232   1.443474   0.200125
 -1.294504   0.123789   0.633777   0.655415   0.206777
  1.135702  -0.963548   1.274953   0.958087   0.003272
 -0.984043   0.286439   0.320634   0.769418   0.226437
 -0.447247   0.169749  -2.754722   2.036732   0.521985
  0.526186   1.029495  -0.024762   1.109239   0.397781
  0.027467  -1.752305  -0.134630   1.004723  -0.166819
 -1.638009  -0.622356   0.332218   0.637002   7.928878
  1.157400  -0.002278  -1.943618   2.032277   0.342439
 -0.079195  -0.654805   1.040665   0.831784   0.046940
 -1.487146   1.121764  -1.164362  -0.683443   4.541764
 -0.911821   0.794829   0.557375   0.762365   4.433895
  0.840955   0.780150  -0.003979   1.172077   0.376002
  2.546002  -0.754149  -0.971546  -0.629719  -4.852305
 -0.067222  -0.945451  -0.207906  -4.390291   0.336251
 -0.087340   0.879670  -0.326221   1.046689   0.413251
  0.098405  -0.613521  -0.735669   1.185662   0.079291
 -0.288298  -0.923067   0.375891   0.887973   0.029740
 -0.804476   0.927717  -0.390432   0.921930   0.423480
 -0.558021   1.212428   0.670903   0.779372   0.379483
  0.371888  -1.322699   0.951010   0.882278  -0.045226
  0.130869  -0.560704  -1.120182   1.952910  -2.149939
  0.770836   0.993137  -0.786649  -4.954893  -1.359193
  0.321003   0.559551   0.641902   3.718184   1.517828
 -0.593440   0.417959  -0.622138   1.015224   0.318029
 -0.867065   0.404420   1.360913   0.659998   0.215297
 -0.097797   0.181914   1.178299   0.804557  -3.343437
 -0.269261   0.052377   1.002917   0.792206   0.168500
 -0.961315   0.494148   2.251505  -1.521332   2.392578
 -1.468526  -1.278250  -0.488793   0.793753  -0.059120
  1.506263  -0.585102  -1.860463   2.056164   0.120369
 -0.536028   1.202905   0.390856   0.827576   0.399750
 -0.100305  -2.362026   0.951662   4.643492  -0.638545
 -0.365222  -0.488171   0.638015   0.827897   0.087535
  0.105665   0.506449   1.725126   0.763150   0.209291
  0.720559   1.928597  -0.656542   1.299380   0.661067
  0.664999   0.390266  -0.044703   1.151685   0.273069
  0.504720   3.437055   0.467750   1.008448   0.812003
  1.688412   0.484915   0.113464   1.299798   0.292281
  1.513020   0.768679  -0.558868   1.457455   0.408363
 -1.654910  -0.211614  -0.902046   0.806559   0.210947
 -0.446897  -0.901611  -1.252395   1.201949   0.021275
  2.045372   1.720133   2.663938   0.919451   0.351326
 -3.214485  -0.209283  -1.889628  -5.628632   1.155751
  0.773569   0.507020  -0.160219   4.095478  -2.117515
 -0.292327  -1.405628  -0.778223   1.119373  -0.103135
 -0.323603   0.584785   1.245238   0.776106   0.262266
 -1.782725   0.282305  -2.265233   1.171909   0.445742
  0.902129   0.107760   1.039494   0.945219   0.174437
  0.467198  -1.124375   0.439999   2.579085  -2.288699
 -1.186539   0.253002   0.333581   0.732678   0.243509
