  1.210292   1.126301  -0.687564   1.474411   0.522845
  1.243939   0.940991   0.584172   1.122178   0.286331
  0.692669   1.194958  -0.241636   1.232929   0.412833
  1.231214   0.441090  -1.381046   1.677825   0.374086
 -0.517275  -1.193142   0.638815   0.721910   0.018606
 -0.151468   0.464608   0.032005   0.964102   0.354140
 -0.728072  -1.000876   0.184908   0.774589   0.005299
  1.861552   0.957711  -0.413909   1.462273   0.412453
 -1.421667  -0.719314  -0.926545   0.859199   0.093536
 -0.537941   1.814864   0.552310   0.833810   0.430950
  0.427748  -0.770775  -1.637155   1.650406   0.025224
 -0.046742  -1.340124  -0.417175   1.095992  -0.124477
  0.252798   1.152304  -0.562123   1.121440   0.489856
 -0.022094  -0.920031   0.567293   0.917689   0.081216
 -1.027617   0.955070   0.071747   0.864663   0.360809
  1.539241  -1.487068  -0.188912   1.365869  -0.054554
  0.963025   0.290687  -2.216936   2.106722   0.461564
 -0.675493   2.504843  -1.048545   1.063347   0.913748
  0.197255   1.354957   0.255667   1.007435   0.446293
  0.214793   0.716477  -0.920315   1.337129   0.513299
 -0.471169   0.987062   1.562016   0.551205   0.339585
  0.283667  -0.828702  -0.063604   1.101408   0.083979
 -0.652125  -0.414894  -0.898057   1.100890   0.138321
 -0.687448  -1.287135  -0.358072   0.922199  -0.055104
  1.152823   2.030175   1.835049   0.912648   0.432233
  1.295918   0.487625   1.143417   0.919047   0.217169
  0.524690   0.685123  -2.072900   1.819000   0.538532
  0.479651  -2.346287   1.663134   0.857761  -0.205260
  1.020571  -0.474387  -0.224344   1.296101   0.101281
 -0.356906   0.784875  -0.149762   0.991537   0.342003
  0.506126   0.104682   1.396548   0.889118   0.229854
  0.651921   1.949487   0.263568   1.185497   0.597396
 -0.906992   0.866628   0.480390   0.678929   0.355934
 -0.802312  -0.116481  -0.759971   1.045612   0.175781
 -1.434195   1.034074   1.694288   0.557012   0.294332
  1.121822   2.047266   0.441066   0.982770   0.478948
  0.864681   0.206809  -1.495350   1.672349   0.239842
 -2.481251   0.218777   1.297694   0.399088   0.225207
  0.056705  -0.382338  -2.522103   2.073648   0.155211
 -1.286200   0.240375  -0.782929   0.832282   0.246185
 -1.120737  -0.266801   0.011771   0.756741   0.245712
 -1.267577   0.593460   0.634289   0.735278   0.325799
 -2.467847  -1.778714   1.221614   0.436768  -0.163560
  1.620077  -0.149278  -0.733633   1.643076   0.242286
  0.432229  -0.044167  -0.314814   1.121457   0.091402
 -1.136969  -0.678912  -0.387026   0.858562   0.001158
  2.132155  -0.991398  -0.285781   1.481278  -0.062063
 -0.815699   0.896273  -1.542396   1.183508   0.566699
 -1.363197   0.690965  -2.072625   1.318981   0.640228
  1.775101  -0.181223  -0.306232   1.443668   0.302866
 -1.294504   0.123789   0.633777   0.646160   0.235993
  1.135702  -0.963548   1.274953   0.879200  -0.006877
 -0.984043   0.286439   0.320634   0.827931   0.165053
 -0.447247   0.169749  -2.754722   2.072858   0.526000
  0.526186   1.029495  -0.024762   1.103245   0.357227
  0.027467  -1.752305  -0.134630   0.890350  -0.215598
 -1.638009  -0.622356   0.332218   0.688587  -0.021445
  1.157400  -0.002278  -1.943618   2.102971   0.406437
 -0.079195  -0.654805   1.040665   0.900470   0.006117
 -1.487146   1.121764  -1.164362   0.911482   0.562132
 -0.911821   0.794829   0.557375   0.730353   0.289519
  0.840955   0.780150  -0.003979   1.183898   0.454756
  2.546002  -0.754149  -0.971546   1.882134   0.106994
 -0.067222  -0.945451  -0.207906   1.094148  -0.058177
 -0.087340   0.879670  -0.326221   1.029002   0.457560
  0.098405  -0.613521  -0.735669   1.145935   0.033931
 -0.288298  -0.923067   0.375891   0.934063   0.091455
 -0.804476   0.927717  -0.390432   0.968943   0.444606
 -0.558021   1.212428   0.670903   0.763687   0.336865
  0.371888  -1.322699   0.951010   0.800651  -0.009225
  0.130869  -0.560704  -1.120182   1.353521   0.102254
  0.770836   0.993137  -0.786649   1.387221   0.522521
  0.321003   0.559551   0.641902   0.931521   0.256900
 -0.593440   0.417959  -0.622138   1.049901   0.294573
 -0.867065   0.404420   1.360913   0.701031   0.193330
 -0.097797   0.181914   1.178299   0.851687   0.224988
 -0.269261   0.052377   1.002917   0.808735   0.141255
 -0.961315   0.494148   2.251505   0.565436   0.161805
 -1.468526  -1.278250  -0.488793   0.837476  -0.048881
  1.506263  -0.585102  -1.860463   1.991364   0.073232
 -0.536028   1.202905   0.390856   0.825627   0.364200
 -0.100305  -2.362026   0.951662   0.924238  -0.186166
 -0.365222  -0.488171   0.638015   0.851253   0.074549
  0.105665   0.506449   1.725126   0.778982   0.150445
  0.720559   1.928597  -0.656542   1.228693   0.608315
  0.664999   0.390266  -0.044703   1.185540   0.243098
  0.504720   3.437055   0.467750   1.015197   0.814031
  1.688412   0.484915   0.113464   1.266990   0.299834
  1.513020   0.768679  -0.558868   1.421186   0.448818
 -1.654910  -0.211614  -0.902046   0.767662   0.285196
 -0.446897  -0.901611  -1.252395   1.150000   0.001362
  2.045372   1.720133   2.663938   0.920101   0.336924
 -3.214485  -0.209283  -1.889628   0.650518   0.284144
  0.773569   0.507020  -0.160219   1.195917   0.385025
 -0.292327  -1.405628  -0.778223   1.136493  -0.131354
 -0.323603   0.584785   1.245238   0.885356   0.296295
 -1.782725   0.282305  -2.265233   1.153808   0.353149
  0.902129   0.107760   1.039494   0.817076   0.138508
  0.467198  -1.124375   0.439999   1.028287  -0.023979
 -1.186539   0.253002   0.333581   0.803426   0.277835
