  0.292831   3.042041
 -0.446876  -0.832205
 -1.162781  -1.991824
  0.198846  -0.421123
 -1.336763  -0.391020
  0.032670  -0.505657
 -0.947946   0.682070
 -0.875972  -0.595118
  0.288783  -0.206724
 -1.279009   0.599609
 -2.199781  -0.225553
 -0.223560   0.223796
  0.553209   0.048169
  0.066053   0.036474
 -0.465242  -0.210043
 -1.451200   1.633314
  0.021333   0.220431
 -0.038094  -0.519233
 -0.218133  -0.667463
  0.109850  -0.507384
 -0.713916  -0.205250
 -0.076723  -0.596937
  0.006910   0.842167
 -1.244602   1.917642
 -0.452539  -0.475334
 -4.863838  -3.492453
  5.042227   0.368682
 -0.342518   0.251340
  0.336914  -1.149501
 -1.191170  -0.042251
 -0.285023   0.072671
 -0.274458  -0.369992
 -2.440556   0.227672
  0.254867   0.383080
  0.095980  -0.146479
  0.072017   0.014667
  0.212861   0.933962
 -0.159277  -0.169234
  0.564941  -1.815475
  2.275625   0.496327
 -0.835862   0.625812
 -0.406911   0.484255
 -0.157878  -0.061129
 -0.932535  -0.095176
  3.297216  -4.474329
 -0.799868   0.477458
 -0.010948  -0.245894
 -3.014779  -0.727022
 -1.472689   0.050965
 -0.731703  -0.210915
 -0.033060  -0.501902
 -0.019030   0.195202
 -0.352898   0.373528
  0.424884   1.042545
 -0.205608   0.588521
 -0.482765   0.239001
 -1.052994   1.076132
 -0.232851  -0.736073
 -0.090681   0.528382
 -1.960378  -0.794092
 -2.880002  -1.608555
 -0.343254   0.267213
 -0.116773   0.121958
 -0.087526  -0.501153
 -0.007392   0.023943
  0.929813   0.066570
 -0.381856   1.190091
  0.038438   0.437167
  0.321555  -0.854413
 -0.278958  -0.452057
 -0.737537   0.823165
 -0.323782   0.028675
 -0.302664  -0.136888
  1.861864  -0.045512
 -0.322519   0.388185
 -0.028250   0.442200
  0.210417   0.182588
  1.049976  -1.622672
 -0.359992  -0.836849
  0.597642  -0.232352
  0.819553  -0.612640
 -0.330194  -1.120943
 -1.487410   3.852606
  0.130994  -0.223238
 -0.491086   0.539902
  0.166446   0.492768
 -0.523131  -0.430570
 -0.353688  -0.290837
 -1.354509   1.419369
  0.219952  -0.205639
 -1.160491  -0.728265
  0.046018  -0.384812
  0.647818   0.388151
 -1.979845   0.413058
  0.310888   0.292696
 -0.305761   0.508237
 -1.276659   0.064507
 -0.033661  -0.446308
 -0.837935  -2.299988
 -0.255217   0.595810
