  1.092142   2.131047
 -0.388913  -0.379741
  0.023298  -0.950127
  0.305801  -1.395410
 -1.516227  -0.946941
 -0.486990  -1.422828
 -0.715723   0.658421
 -1.348889  -0.420927
  0.302062  -0.580504
 -0.802504   0.489999
 -0.604963   0.345533
 -0.319669   0.096498
  0.437332  -0.252874
 -0.370725  -0.111619
 -0.220363  -0.282941
 -1.350061   1.907145
 -0.553764  -0.072301
  0.337255  -0.575013
 -0.239959  -0.161831
  0.446537  -0.139019
 -1.404945  -0.532318
 -0.070174  -0.711124
  0.006729   1.237680
 -0.256372   1.281388
 -0.641714  -0.356934
 -7.866709  -0.999270
  7.587120   0.509865
 -0.630965   0.279885
  0.763736  -0.914146
 -1.601708  -0.202023
  0.067414  -0.658368
  0.012728  -0.445819
 -3.347266   0.175073
  0.226415   0.023986
 -0.102828  -0.102774
  0.163370   0.418806
 -0.066601   0.621197
 -0.376569  -0.552919
 -1.522916   7.945075
  6.402267   4.256323
 -0.529254   0.630054
 -0.667751   0.297136
  0.045512   0.056766
 -1.824739  -0.034646
  2.746492  -4.005550
 -0.460316   0.080465
  0.068748  -0.125202
 -2.933313  -0.640477
 -1.532766   0.909429
 -1.283579   0.272480
  0.075736  -0.357990
 -0.138226  -0.125278
 -0.195945   0.508656
  0.103772   0.766717
  0.046477   1.044922
 -0.299741  -0.692954
 -1.317342   1.264770
 -0.135967  -1.012775
 -0.121353   0.243647
 -0.722568   0.255453
 -1.588688  -0.065376
 -0.190964   0.339726
 -0.153525  -0.140207
  0.207582  -0.095734
 -0.150369  -0.323065
  0.115288   0.148882
 -0.309556   1.296500
  0.106991   0.186357
  0.055782  -0.722674
 -0.100055  -0.491388
 -0.788485   0.286622
 -0.665167  -0.678412
 -0.385825  -0.136513
 -8.705349   1.718266
 -0.378127   0.370428
 -0.103126   0.104923
  0.303900   0.352042
 -0.034961  -0.691886
 -0.016881  -0.039049
  1.221435   1.041799
  1.060942  -0.169032
 -0.108587  -2.569535
 -0.271945   1.354429
  0.698746  -0.922645
 -0.078125   0.518924
  0.647788  -0.168785
 -0.534442  -0.600627
 -0.050264   0.191054
 -1.014055   0.502387
  0.157160  -0.240139
 -1.564312  -1.439258
  0.178832  -0.141574
  0.218137   0.547252
 -1.896314   0.778731
  0.588229   0.228655
 -0.283363   0.334688
 -2.159302  -0.236057
 -0.051617  -0.382120
  0.342722  -0.317305
 -0.569488   0.625863
 -0.289286  -0.240112
  0.364286  -0.011091
  0.395920  -1.649447
 -0.408078   0.467615
 -2.732259  -1.465360
 -0.177324  -0.077226
 -0.178780  -0.128171
 -0.412436   0.524972
 -0.357490  -0.029612
 -0.842501  -0.656545
 -0.610476  -0.186690
  0.058167  -0.121153
  0.086513   0.267425
 -0.082500   0.252535
 -0.481924  -0.109533
 -1.760609   0.193289
 -0.156995   0.188280
 -0.755336  -0.516994
  0.743988   0.852217
  0.122820  -0.927108
  0.232624   0.318175
 -0.020145  -0.023771
 -0.094038   0.142676
  0.074879  -0.427484
 -0.310382   0.286968
 -1.097215  -0.098716
 -0.807746   0.295121
 -0.322031  -0.121166
  0.799936  -0.333618
 -0.679354  -0.311570
 -1.765526  -0.043680
 -0.030551  -1.521317
  0.195618   0.295595
 -0.450874  -1.627523
  0.390856   1.086183
  0.183495  -0.018444
 -0.424232   0.259205
 -0.448759   2.165797
 -0.888155  -0.608878
  0.814313  -0.031589
 -2.395588  -1.753969
 -0.897777  -0.472413
 -0.000062   0.055660
  0.128143   0.154462
  0.430772   0.556277
 -0.084970  -0.701881
 -0.015911   0.128717
  0.090049  -0.643723
  0.149227   0.040667
  0.081606   0.297055
 -0.346827   0.053687
 -0.048066   0.572689
 -1.636453   0.672598
 -0.308506   0.803976
 -0.262231  -0.959087
 -0.425712  -1.293146
  0.189571   0.289149
 -0.456213   0.167901
 -0.395674  -0.182047
  2.006782   0.462930
  0.639220   0.957164
  0.281015  -0.573923
 -0.515575  -0.296464
 -0.945410  -0.610430
 -0.364312  -0.425185
 -5.223683 -121.887679
 -0.251604  -0.249872
  0.072903  -0.172952
 -0.264103  -0.603893
 -0.730164   0.320171
 -0.506032  -0.737332
  0.158107  -0.592749
 -0.471511   0.409443
  0.149290  -0.213269
 -0.706281  -0.238450
 -0.757160   0.006435
 -0.180667   0.435340
 -0.430551   0.215417
  0.281419  -0.212562
 -0.353723  -0.068788
  0.321137  -0.130575
  0.126261   0.087727
  0.370343  -0.482456
 -1.042893  -0.321781
 10.443194  21.010254
  3.843188   1.689841
 -0.350933  -0.842865
  0.020474  -0.995739
 -0.469418  -1.256462
 -0.169647  -0.103190
 -1.203589  -0.140646
 -0.014376  -0.084297
  0.560950   0.402768
 -0.386920   0.356202
  0.067024   0.145472
 -0.250564   0.275030
 -1.756598   1.283405
  0.011882  -0.145212
  0.293348  -1.098986
-30.041491  -0.364974
