  0.351919   3.085061
 -0.458702  -0.840415
 -1.103446  -1.911983
  0.302258  -0.448641
 -1.245770  -0.393151
 -0.112701  -0.618680
 -1.012142   0.684736
 -0.907148  -0.686522
  0.184887  -0.228741
 -1.205477   0.531486
 -2.208523  -0.216934
 -0.131213   0.176310
  0.486733  -0.088299
  0.113949   0.043392
 -0.431100  -0.282838
 -1.258316   1.853121
  0.085631   0.156212
 -0.045929  -0.537973
 -0.241201  -0.732447
 -0.001041  -0.635842
 -0.822408  -0.240637
 -0.005009  -0.507238
  0.022270   0.868936
 -1.223049   1.869661
 -0.548963  -0.554429
 -4.940038  -3.352212
  4.984498   0.550981
 -0.297351   0.323391
  0.355469  -1.095682
 -1.141888  -0.044054
 -0.384610  -0.027126
 -0.312726  -0.366100
 -2.474224   0.063062
  0.238483   0.496485
  0.058823  -0.039063
  0.143002   0.059479
  0.221834   0.880294
  0.022202  -0.166747
  0.458363  -1.834787
  2.284777   0.600261
 -0.834768   0.507217
 -0.444339   0.464285
 -0.103737  -0.024032
 -0.986301  -0.071123
  3.336763  -4.615668
 -0.705610   0.314852
  0.006397  -0.114481
 -3.073992  -0.738321
 -1.430636   0.023024
 -0.706366  -0.140761
 -0.083703  -0.431810
 -0.036164   0.121799
 -0.442774   0.392479
  0.523447   1.051664
 -0.210338   0.569611
 -0.511688   0.118645
 -1.143304   1.152156
 -0.154421  -0.632426
 -0.034251   0.490230
 -1.909190  -0.920407
 -2.812852  -1.440590
 -0.415393   0.139960
 -0.134171   0.174376
 -0.016632  -0.512050
 -0.125115  -0.037357
  0.929462   0.035932
 -0.332517   1.198716
  0.121026   0.507934
  0.300075  -0.694188
 -0.224260  -0.511490
 -0.678458   0.709008
 -0.431284  -0.005222
 -0.299286  -0.034817
  1.873010  -0.066999
 -0.224995   0.250599
 -0.005882   0.440681
  0.329071   0.172362
  0.979089  -1.642671
 -0.265710  -0.618857
  0.713351  -0.200154
  0.759353  -0.615285
 -0.362579  -0.937177
 -1.407571   3.777443
  0.004426  -0.258750
 -0.466848   0.472116
  0.120654   0.470484
 -0.648015  -0.421959
 -0.336280  -0.216126
 -1.279995   1.516989
  0.225592  -0.188973
 -1.130270  -0.728609
  0.063085  -0.320038
  0.711663   0.412908
 -1.963510   0.305458
  0.347988   0.200400
 -0.138623   0.521662
 -1.251598  -0.021023
 -0.016411  -0.559474
 -0.815639  -2.140104
 -0.304847   0.692820
