  0.242843  -0.197249   2.389733  -4.891241
  0.379239   0.078947   1.178984  -1.576589
  0.598893   0.123262   1.855952  -1.854975
  0.197818   0.106719   0.956030  -1.969040
 -0.205089   0.110201   0.087896  -1.735173
  0.155413  -0.793830 -12.398880  32.068285
 -0.228847  -0.055374   0.202114  -2.420484
 -0.356536   0.199794   0.094277  -1.305351
  0.382539   0.101068   1.118029  -1.688641
  0.247691   0.010176   1.494187  -2.853128
 -0.014700   0.409531   0.444933  -1.459079
  0.098237  -0.175622   1.791758  -4.683697
  0.019670  -0.043457   0.874633  -3.979060
 -0.026789   0.089148   0.575717  -2.320626
  0.064278  -0.116098   1.082313  -3.254556
  0.007252  -0.448564  -9.156255  44.464060
 -0.085733  -0.373541   0.943634 -22.314048
  0.151729  -0.428593   6.190731 -16.773300
 -0.034669  -0.309122   0.971313  -3.942867
 -0.464208  -0.360933  -0.584840  -4.331502
  0.173766  -0.171133   1.579098  -3.908621
  0.326302  -0.344340   4.510931  -8.339161
  0.002512  -0.123947   0.568942  -2.575000
 -0.047682  -0.085876   0.824859  -3.370290
 -0.180223   0.143137   0.246431  -2.039663
 -0.167667   0.048784   0.260914  -2.025430
  0.333685   0.463271   0.674673  -1.088547
  0.163987  -0.406487   4.083568 -10.506495
  0.050582   0.143665   0.620712  -1.813877
  0.245991  -0.417684 -53.470118 122.598666
 -0.209706   0.291977   0.236514  -1.398069
 -0.310518   0.013605   0.079795  -1.611965
  0.201269   0.375695   0.914965  -1.464031
  0.099143  -0.073532   1.221337  -4.559792
 -0.179819  -0.516932  -2.399356  37.302823
 -0.067759  -0.053763   0.741508  -3.442201
 -0.090774   0.277700   0.362749  -1.550971
 -0.228440   0.092491   0.161307  -1.601269
 -0.202234  -0.112486   0.211134  -3.113352
 -0.014541  -0.272715   4.753308 -20.792358
 -0.023500   0.150848   0.696357  -1.840885
 -0.154311  -0.301802   0.634831  -7.099221
 -0.163368  -0.132132   0.320645  -2.708893
  0.144070   0.153777   0.771769  -2.002494
  0.208148  -0.085842   1.298382  -2.744919
 -0.086729   0.185852   0.389819  -1.350024
 -0.248321   0.012074   0.127546  -2.200399
 -0.006106  -0.287479   1.038558  -5.146316
 -0.090963  -0.060949   0.393613  -1.977180
 -0.391280   0.067520  -0.022554  -1.876826
