  0.232690  -0.208598   2.315216  -4.924643
  0.435714   0.154022   1.206282  -1.508907
  0.639680   0.116544   1.826244  -1.851752
  0.175664   0.127946   0.932402  -1.973652
 -0.260179   0.115928   0.086710  -1.853518
  0.154600  -0.786071 -12.398634  32.074655
 -0.234208  -0.083553   0.206972  -2.397142
 -0.383162   0.235731   0.054672  -1.291201
  0.321592   0.144869   1.092592  -1.700025
  0.244521   0.021151   1.445428  -2.869935
  0.027259   0.412536   0.493469  -1.406020
  0.127870  -0.178538   1.735423  -4.659348
  0.003547  -0.102335   0.927457  -3.952275
 -0.039084   0.113597   0.525132  -2.263818
  0.079942  -0.121697   1.116973  -3.227883
  0.003514  -0.506947  -9.106208  44.511433
 -0.141547  -0.359184   1.004358 -22.295601
  0.173675  -0.326311   6.204928 -16.745998
 -0.012713  -0.270000   1.037461  -3.993000
 -0.450015  -0.376596  -0.531677  -4.342624
  0.166679  -0.169935   1.622089  -3.935354
  0.318318  -0.339296   4.472697  -8.304057
 -0.005369   0.005295   0.645891  -2.602831
 -0.036910  -0.081442   0.749827  -3.386918
 -0.166572   0.151855   0.240009  -2.072453
 -0.195800   0.072709   0.230312  -1.992270
  0.245657   0.435739   0.701039  -1.112992
  0.164239  -0.398221   4.089329 -10.559159
  0.054043   0.180277   0.648886  -1.843901
  0.249799  -0.428831 -53.483823 122.603724
 -0.232888   0.268789   0.189478  -1.425271
 -0.299523   0.070248   0.119994  -1.637574
  0.228033   0.311207   0.859966  -1.458814
  0.063300  -0.088317   1.231284  -4.533006
 -0.149368  -0.517077  -2.398812  37.275375
 -0.017532  -0.031685   0.774215  -3.388347
 -0.080966   0.292166   0.377779  -1.495782
 -0.266704   0.149240   0.140378  -1.584202
 -0.167616  -0.057499   0.281350  -3.099407
  0.034954  -0.277677   4.761013 -20.810324
  0.040518   0.120693   0.702172  -1.915634
 -0.144438  -0.304553   0.655579  -7.096725
 -0.176271  -0.114766   0.324761  -2.697588
  0.102771   0.161551   0.766072  -2.024143
  0.184386  -0.077878   1.244778  -2.682149
 -0.098364   0.174666   0.410233  -1.332113
 -0.258320   0.051046   0.090032  -2.186132
 -0.023541  -0.274720   1.114365  -5.149826
 -0.116182   0.025150   0.394961  -1.984370
 -0.332675   0.052983   0.019053  -1.945588
