  0.255533  -0.183063   2.482879  -4.849488
  0.308644  -0.014896   1.144861  -1.661192
  0.547911   0.131659   1.893086  -1.859004
  0.225511   0.080186   0.985566  -1.963275
 -0.136226   0.103042   0.089378  -1.587242
  0.156428  -0.803528 -12.399186  32.060323
 -0.222145  -0.020151   0.196042  -2.449661
 -0.323253   0.154873   0.143784  -1.323039
  0.458722   0.046317   1.149826  -1.674411
  0.251652  -0.003544   1.555137  -2.832119
 -0.067150   0.405775   0.384264  -1.525404
  0.061196  -0.171976   1.862176  -4.714132
  0.039825   0.030139   0.808603  -4.012540
 -0.011420   0.058587   0.638948  -2.391637
  0.044697  -0.109099   1.038988  -3.287896
  0.011925  -0.375584  -9.218815  44.404844
 -0.015966  -0.391488   0.867728 -22.337107
  0.124297  -0.556446   6.172986 -16.807426
 -0.062115  -0.358025   0.888628  -3.880200
 -0.481949  -0.341354  -0.651294  -4.317601
  0.182626  -0.172632   1.525360  -3.875205
  0.336281  -0.350646   4.558722  -8.383042
  0.012363  -0.285500   0.472756  -2.540210
 -0.061146  -0.091419   0.918649  -3.349505
 -0.197286   0.132240   0.254458  -1.998675
 -0.132502   0.018879   0.299167  -2.066879
  0.443720   0.497685   0.641715  -1.057990
  0.163672  -0.416820   4.076368 -10.440665
  0.046256   0.097900   0.585495  -1.776346
  0.241231  -0.403749 -53.452986 122.592344
 -0.180729   0.320962   0.295310  -1.364065
 -0.324262  -0.057199   0.029547  -1.579954
  0.167814   0.456305   0.983715  -1.470554
  0.143946  -0.055051   1.208905  -4.593274
 -0.217884  -0.516749  -2.400036  37.337133
 -0.130542  -0.081360   0.700625  -3.509519
 -0.103034   0.259618   0.343962  -1.619957
 -0.180610   0.021554   0.187468  -1.622604
 -0.245505  -0.181221   0.123364  -3.130782
 -0.076408  -0.266512   4.743677 -20.769901
 -0.103522   0.188541   0.689089  -1.747449
 -0.166652  -0.298362   0.608896  -7.102341
 -0.147239  -0.153841   0.315499  -2.723024
  0.195694   0.144060   0.778890  -1.975432
  0.237852  -0.095798   1.365387  -2.823382
 -0.072186   0.199835   0.364302  -1.372412
 -0.235823  -0.036642   0.174439  -2.218232
  0.015688  -0.303427   0.943799  -5.141930
 -0.059438  -0.168574   0.391929  -1.968192
 -0.464536   0.085693  -0.074562  -1.790875
