  0.230152  -0.211435   2.296586  -4.932994
  0.449833   0.172791   1.213106  -1.491987
  0.649876   0.114865   1.818818  -1.850946
  0.170126   0.133253   0.926495  -1.974805
 -0.273952   0.117359   0.086414  -1.883104
  0.154397  -0.784132 -12.398573  32.076248
 -0.235548  -0.090598   0.208187  -2.391307
 -0.389818   0.244715   0.044771  -1.287663
  0.306355   0.155819   1.086232  -1.702871
  0.243729   0.023895   1.433238  -2.874137
  0.037749   0.413287   0.505602  -1.392755
  0.135278  -0.179267   1.721339  -4.653261
 -0.000484  -0.117054   0.940663  -3.945579
 -0.042158   0.119710   0.512485  -2.249616
  0.083859  -0.123097   1.125638  -3.221215
  0.002579  -0.521543  -9.093696  44.523277
 -0.155501  -0.355595   1.019539 -22.290989
  0.179161  -0.300740   6.208477 -16.739173
 -0.007223  -0.260219   1.053998  -4.005534
 -0.446467  -0.380512  -0.518386  -4.345404
  0.164907  -0.169635   1.632837  -3.942037
  0.316323  -0.338035   4.463139  -8.295280
 -0.007339   0.037606   0.665128  -2.609789
 -0.034217  -0.080334   0.731069  -3.391075
 -0.163160   0.154034   0.238404  -2.080651
 -0.202833   0.078690   0.222661  -1.983980
  0.223650   0.428856   0.707630  -1.119103
  0.164302  -0.396154   4.090769 -10.572325
  0.054908   0.189430   0.655929  -1.851407
  0.250751  -0.431618 -53.487250 122.604988
 -0.238683   0.262993   0.177719  -1.432072
 -0.296774   0.084409   0.130043  -1.643976
  0.234725   0.295085   0.846216  -1.457509
  0.054340  -0.092013   1.233770  -4.526309
 -0.141755  -0.517114  -2.398676  37.268513
 -0.004976  -0.026166   0.782391  -3.374883
 -0.078514   0.295782   0.381537  -1.481984
 -0.276270   0.163427   0.135146  -1.579935
 -0.158962  -0.043752   0.298904  -3.095921
  0.047327  -0.278918   4.762939 -20.814815
  0.056522   0.113154   0.703625  -1.934322
 -0.141970  -0.305241   0.660766  -7.096101
 -0.179497  -0.110424   0.325790  -2.694762
  0.092446   0.163494   0.764648  -2.029556
  0.178445  -0.075886   1.231377  -2.666456
 -0.101273   0.171869   0.415336  -1.327635
 -0.260820   0.060789   0.080654  -2.182565
 -0.027900  -0.271531   1.133317  -5.150703
 -0.122487   0.046675   0.395298  -1.986167
 -0.318024   0.049348   0.029454  -1.962778
